(kicad_pcb (version 20171130) (host pcbnew 5.1.5+dfsg1-2build2)

  (general
    (thickness 1.6)
    (drawings 0)
    (tracks 0)
    (zones 0)
    (modules 33)
    (nets 56)
  )

  (page A4)
  (layers
    (0 F.Cu signal)
    (31 B.Cu signal)
    (32 B.Adhes user)
    (33 F.Adhes user)
    (34 B.Paste user)
    (35 F.Paste user)
    (36 B.SilkS user)
    (37 F.SilkS user)
    (38 B.Mask user)
    (39 F.Mask user)
    (40 Dwgs.User user)
    (41 Cmts.User user)
    (42 Eco1.User user)
    (43 Eco2.User user)
    (44 Edge.Cuts user)
    (45 Margin user)
    (46 B.CrtYd user)
    (47 F.CrtYd user)
    (48 B.Fab user)
    (49 F.Fab user)
  )

  (setup
    (last_trace_width 0.25)
    (trace_clearance 0.2)
    (zone_clearance 0.508)
    (zone_45_only no)
    (trace_min 0.2)
    (via_size 0.8)
    (via_drill 0.4)
    (via_min_size 0.4)
    (via_min_drill 0.3)
    (uvia_size 0.3)
    (uvia_drill 0.1)
    (uvias_allowed no)
    (uvia_min_size 0.2)
    (uvia_min_drill 0.1)
    (edge_width 0.05)
    (segment_width 0.2)
    (pcb_text_width 0.3)
    (pcb_text_size 1.5 1.5)
    (mod_edge_width 0.12)
    (mod_text_size 1 1)
    (mod_text_width 0.15)
    (pad_size 1.524 1.524)
    (pad_drill 0.762)
    (pad_to_mask_clearance 0.051)
    (solder_mask_min_width 0.25)
    (aux_axis_origin 0 0)
    (visible_elements FFFFFF7F)
    (pcbplotparams
      (layerselection 0x010fc_ffffffff)
      (usegerberextensions false)
      (usegerberattributes false)
      (usegerberadvancedattributes false)
      (creategerberjobfile false)
      (excludeedgelayer true)
      (linewidth 0.100000)
      (plotframeref false)
      (viasonmask false)
      (mode 1)
      (useauxorigin false)
      (hpglpennumber 1)
      (hpglpenspeed 20)
      (hpglpendiameter 15.000000)
      (psnegative false)
      (psa4output false)
      (plotreference true)
      (plotvalue true)
      (plotinvisibletext false)
      (padsonsilk false)
      (subtractmaskfromsilk false)
      (outputformat 1)
      (mirror false)
      (drillshape 1)
      (scaleselection 1)
      (outputdirectory ""))
  )

  (net 0 "")
  (net 1 GND)
  (net 2 +3.3VA)
  (net 3 +5V)
  (net 4 NRST)
  (net 5 "Net-(C10-Pad1)")
  (net 6 "Net-(J1-Pad3)")
  (net 7 "Net-(J1-Pad4)")
  (net 8 "Net-(J1-Pad5)")
  (net 9 "Net-(J1-Pad6)")
  (net 10 "Net-(J1-Pad9)")
  (net 11 "Net-(J1-Pad10)")
  (net 12 "Net-(J1-Pad11)")
  (net 13 "Net-(J1-Pad12)")
  (net 14 I2C2_SCL)
  (net 15 I2C2_SDA)
  (net 16 UART2_RX)
  (net 17 UART2_TX)
  (net 18 PWM1)
  (net 19 PWM2)
  (net 20 PWM3)
  (net 21 PWM4)
  (net 22 PPM_INPUT)
  (net 23 SWDIO)
  (net 24 SWCLK)
  (net 25 SWO)
  (net 26 "Net-(L1-Pad2)")
  (net 27 "Net-(L2-Pad2)")
  (net 28 I2C1_SCL)
  (net 29 I2C1_SDA)
  (net 30 "Net-(U2-Pad1)")
  (net 31 "Net-(U2-Pad2)")
  (net 32 "Net-(U2-Pad3)")
  (net 33 "Net-(U2-Pad4)")
  (net 34 "Net-(U2-Pad5)")
  (net 35 "Net-(U2-Pad6)")
  (net 36 "Net-(U2-Pad10)")
  (net 37 SPI1_NSS)
  (net 38 SPI1_SCK)
  (net 39 SPI1_MISO)
  (net 40 SPI1_MOSI)
  (net 41 "Net-(U2-Pad20)")
  (net 42 SPI2_NSS)
  (net 43 SPI2_SCK)
  (net 44 SPI2_MISO)
  (net 45 SPI2_MOSI)
  (net 46 "Net-(U2-Pad29)")
  (net 47 "Net-(U2-Pad30)")
  (net 48 "Net-(U2-Pad31)")
  (net 49 "Net-(U2-Pad32)")
  (net 50 "Net-(U2-Pad33)")
  (net 51 "Net-(U2-Pad38)")
  (net 52 "Net-(U2-Pad42)")
  (net 53 "Net-(U2-Pad43)")
  (net 54 "Net-(U2-Pad44)")
  (net 55 "Net-(U3-Pad7)")

  (net_class Default "This is the default net class."
    (clearance 0.2)
    (trace_width 0.25)
    (via_dia 0.8)
    (via_drill 0.4)
    (uvia_dia 0.3)
    (uvia_drill 0.1)
    (add_net +3.3VA)
    (add_net +5V)
    (add_net GND)
    (add_net I2C1_SCL)
    (add_net I2C1_SDA)
    (add_net I2C2_SCL)
    (add_net I2C2_SDA)
    (add_net NRST)
    (add_net "Net-(C10-Pad1)")
    (add_net "Net-(J1-Pad10)")
    (add_net "Net-(J1-Pad11)")
    (add_net "Net-(J1-Pad12)")
    (add_net "Net-(J1-Pad3)")
    (add_net "Net-(J1-Pad4)")
    (add_net "Net-(J1-Pad5)")
    (add_net "Net-(J1-Pad6)")
    (add_net "Net-(J1-Pad9)")
    (add_net "Net-(L1-Pad2)")
    (add_net "Net-(L2-Pad2)")
    (add_net "Net-(U2-Pad1)")
    (add_net "Net-(U2-Pad10)")
    (add_net "Net-(U2-Pad2)")
    (add_net "Net-(U2-Pad20)")
    (add_net "Net-(U2-Pad29)")
    (add_net "Net-(U2-Pad3)")
    (add_net "Net-(U2-Pad30)")
    (add_net "Net-(U2-Pad31)")
    (add_net "Net-(U2-Pad32)")
    (add_net "Net-(U2-Pad33)")
    (add_net "Net-(U2-Pad38)")
    (add_net "Net-(U2-Pad4)")
    (add_net "Net-(U2-Pad42)")
    (add_net "Net-(U2-Pad43)")
    (add_net "Net-(U2-Pad44)")
    (add_net "Net-(U2-Pad5)")
    (add_net "Net-(U2-Pad6)")
    (add_net "Net-(U3-Pad7)")
    (add_net PPM_INPUT)
    (add_net PWM1)
    (add_net PWM2)
    (add_net PWM3)
    (add_net PWM4)
    (add_net SPI1_MISO)
    (add_net SPI1_MOSI)
    (add_net SPI1_NSS)
    (add_net SPI1_SCK)
    (add_net SPI2_MISO)
    (add_net SPI2_MOSI)
    (add_net SPI2_NSS)
    (add_net SPI2_SCK)
    (add_net SWCLK)
    (add_net SWDIO)
    (add_net SWO)
    (add_net UART2_RX)
    (add_net UART2_TX)
  )

  (module Capacitor_SMD:C_0805_2012Metric (layer F.Cu) (tedit 5B36C52B) (tstamp 61FE2A4A)
    (at 140.0325 97.79)
    (descr "Capacitor SMD 0805 (2012 Metric), square (rectangular) end terminal, IPC_7351 nominal, (Body size source: https://docs.google.com/spreadsheets/d/1BsfQQcO9C6DZCsRaXUlFlo91Tg2WpOkGARC1WS5S8t0/edit?usp=sharing), generated with kicad-footprint-generator")
    (tags capacitor)
    (path /617E03AA)
    (attr smd)
    (fp_text reference C1 (at 0 -1.65) (layer F.SilkS)
      (effects (font (size 1 1) (thickness 0.15)))
    )
    (fp_text value 4u7 (at 0 1.65) (layer F.Fab)
      (effects (font (size 1 1) (thickness 0.15)))
    )
    (fp_text user %R (at 0 0) (layer F.Fab)
      (effects (font (size 0.5 0.5) (thickness 0.08)))
    )
    (fp_line (start 1.68 0.95) (end -1.68 0.95) (layer F.CrtYd) (width 0.05))
    (fp_line (start 1.68 -0.95) (end 1.68 0.95) (layer F.CrtYd) (width 0.05))
    (fp_line (start -1.68 -0.95) (end 1.68 -0.95) (layer F.CrtYd) (width 0.05))
    (fp_line (start -1.68 0.95) (end -1.68 -0.95) (layer F.CrtYd) (width 0.05))
    (fp_line (start -0.258578 0.71) (end 0.258578 0.71) (layer F.SilkS) (width 0.12))
    (fp_line (start -0.258578 -0.71) (end 0.258578 -0.71) (layer F.SilkS) (width 0.12))
    (fp_line (start 1 0.6) (end -1 0.6) (layer F.Fab) (width 0.1))
    (fp_line (start 1 -0.6) (end 1 0.6) (layer F.Fab) (width 0.1))
    (fp_line (start -1 -0.6) (end 1 -0.6) (layer F.Fab) (width 0.1))
    (fp_line (start -1 0.6) (end -1 -0.6) (layer F.Fab) (width 0.1))
    (pad 2 smd roundrect (at 0.9375 0) (size 0.975 1.4) (layers F.Cu F.Paste F.Mask) (roundrect_rratio 0.25)
      (net 1 GND))
    (pad 1 smd roundrect (at -0.9375 0) (size 0.975 1.4) (layers F.Cu F.Paste F.Mask) (roundrect_rratio 0.25)
      (net 2 +3.3VA))
    (model ${KISYS3DMOD}/Capacitor_SMD.3dshapes/C_0805_2012Metric.wrl
      (at (xyz 0 0 0))
      (scale (xyz 1 1 1))
      (rotate (xyz 0 0 0))
    )
  )

  (module Capacitor_SMD:C_0805_2012Metric (layer F.Cu) (tedit 5B36C52B) (tstamp 61FE2A5B)
    (at 157.515001 113.895001)
    (descr "Capacitor SMD 0805 (2012 Metric), square (rectangular) end terminal, IPC_7351 nominal, (Body size source: https://docs.google.com/spreadsheets/d/1BsfQQcO9C6DZCsRaXUlFlo91Tg2WpOkGARC1WS5S8t0/edit?usp=sharing), generated with kicad-footprint-generator")
    (tags capacitor)
    (path /617E08A0)
    (attr smd)
    (fp_text reference C2 (at 0 -1.65) (layer F.SilkS)
      (effects (font (size 1 1) (thickness 0.15)))
    )
    (fp_text value 100n (at 0 1.65) (layer F.Fab)
      (effects (font (size 1 1) (thickness 0.15)))
    )
    (fp_text user %R (at 0 0) (layer F.Fab)
      (effects (font (size 0.5 0.5) (thickness 0.08)))
    )
    (fp_line (start 1.68 0.95) (end -1.68 0.95) (layer F.CrtYd) (width 0.05))
    (fp_line (start 1.68 -0.95) (end 1.68 0.95) (layer F.CrtYd) (width 0.05))
    (fp_line (start -1.68 -0.95) (end 1.68 -0.95) (layer F.CrtYd) (width 0.05))
    (fp_line (start -1.68 0.95) (end -1.68 -0.95) (layer F.CrtYd) (width 0.05))
    (fp_line (start -0.258578 0.71) (end 0.258578 0.71) (layer F.SilkS) (width 0.12))
    (fp_line (start -0.258578 -0.71) (end 0.258578 -0.71) (layer F.SilkS) (width 0.12))
    (fp_line (start 1 0.6) (end -1 0.6) (layer F.Fab) (width 0.1))
    (fp_line (start 1 -0.6) (end 1 0.6) (layer F.Fab) (width 0.1))
    (fp_line (start -1 -0.6) (end 1 -0.6) (layer F.Fab) (width 0.1))
    (fp_line (start -1 0.6) (end -1 -0.6) (layer F.Fab) (width 0.1))
    (pad 2 smd roundrect (at 0.9375 0) (size 0.975 1.4) (layers F.Cu F.Paste F.Mask) (roundrect_rratio 0.25)
      (net 1 GND))
    (pad 1 smd roundrect (at -0.9375 0) (size 0.975 1.4) (layers F.Cu F.Paste F.Mask) (roundrect_rratio 0.25)
      (net 2 +3.3VA))
    (model ${KISYS3DMOD}/Capacitor_SMD.3dshapes/C_0805_2012Metric.wrl
      (at (xyz 0 0 0))
      (scale (xyz 1 1 1))
      (rotate (xyz 0 0 0))
    )
  )

  (module Capacitor_SMD:C_0805_2012Metric (layer F.Cu) (tedit 5B36C52B) (tstamp 61FE2A6C)
    (at 173.655001 95.795001)
    (descr "Capacitor SMD 0805 (2012 Metric), square (rectangular) end terminal, IPC_7351 nominal, (Body size source: https://docs.google.com/spreadsheets/d/1BsfQQcO9C6DZCsRaXUlFlo91Tg2WpOkGARC1WS5S8t0/edit?usp=sharing), generated with kicad-footprint-generator")
    (tags capacitor)
    (path /617E1113)
    (attr smd)
    (fp_text reference C3 (at 0 -1.65) (layer F.SilkS)
      (effects (font (size 1 1) (thickness 0.15)))
    )
    (fp_text value 100n (at 0 1.65) (layer F.Fab)
      (effects (font (size 1 1) (thickness 0.15)))
    )
    (fp_line (start -1 0.6) (end -1 -0.6) (layer F.Fab) (width 0.1))
    (fp_line (start -1 -0.6) (end 1 -0.6) (layer F.Fab) (width 0.1))
    (fp_line (start 1 -0.6) (end 1 0.6) (layer F.Fab) (width 0.1))
    (fp_line (start 1 0.6) (end -1 0.6) (layer F.Fab) (width 0.1))
    (fp_line (start -0.258578 -0.71) (end 0.258578 -0.71) (layer F.SilkS) (width 0.12))
    (fp_line (start -0.258578 0.71) (end 0.258578 0.71) (layer F.SilkS) (width 0.12))
    (fp_line (start -1.68 0.95) (end -1.68 -0.95) (layer F.CrtYd) (width 0.05))
    (fp_line (start -1.68 -0.95) (end 1.68 -0.95) (layer F.CrtYd) (width 0.05))
    (fp_line (start 1.68 -0.95) (end 1.68 0.95) (layer F.CrtYd) (width 0.05))
    (fp_line (start 1.68 0.95) (end -1.68 0.95) (layer F.CrtYd) (width 0.05))
    (fp_text user %R (at 0 0) (layer F.Fab)
      (effects (font (size 0.5 0.5) (thickness 0.08)))
    )
    (pad 1 smd roundrect (at -0.9375 0) (size 0.975 1.4) (layers F.Cu F.Paste F.Mask) (roundrect_rratio 0.25)
      (net 2 +3.3VA))
    (pad 2 smd roundrect (at 0.9375 0) (size 0.975 1.4) (layers F.Cu F.Paste F.Mask) (roundrect_rratio 0.25)
      (net 1 GND))
    (model ${KISYS3DMOD}/Capacitor_SMD.3dshapes/C_0805_2012Metric.wrl
      (at (xyz 0 0 0))
      (scale (xyz 1 1 1))
      (rotate (xyz 0 0 0))
    )
  )

  (module Capacitor_SMD:C_0805_2012Metric (layer F.Cu) (tedit 5B36C52B) (tstamp 61FE2A7D)
    (at 167.765001 101.785001)
    (descr "Capacitor SMD 0805 (2012 Metric), square (rectangular) end terminal, IPC_7351 nominal, (Body size source: https://docs.google.com/spreadsheets/d/1BsfQQcO9C6DZCsRaXUlFlo91Tg2WpOkGARC1WS5S8t0/edit?usp=sharing), generated with kicad-footprint-generator")
    (tags capacitor)
    (path /617E1628)
    (attr smd)
    (fp_text reference C4 (at 0 -1.65) (layer F.SilkS)
      (effects (font (size 1 1) (thickness 0.15)))
    )
    (fp_text value 100n (at 0 1.65) (layer F.Fab)
      (effects (font (size 1 1) (thickness 0.15)))
    )
    (fp_text user %R (at 0 0) (layer F.Fab)
      (effects (font (size 0.5 0.5) (thickness 0.08)))
    )
    (fp_line (start 1.68 0.95) (end -1.68 0.95) (layer F.CrtYd) (width 0.05))
    (fp_line (start 1.68 -0.95) (end 1.68 0.95) (layer F.CrtYd) (width 0.05))
    (fp_line (start -1.68 -0.95) (end 1.68 -0.95) (layer F.CrtYd) (width 0.05))
    (fp_line (start -1.68 0.95) (end -1.68 -0.95) (layer F.CrtYd) (width 0.05))
    (fp_line (start -0.258578 0.71) (end 0.258578 0.71) (layer F.SilkS) (width 0.12))
    (fp_line (start -0.258578 -0.71) (end 0.258578 -0.71) (layer F.SilkS) (width 0.12))
    (fp_line (start 1 0.6) (end -1 0.6) (layer F.Fab) (width 0.1))
    (fp_line (start 1 -0.6) (end 1 0.6) (layer F.Fab) (width 0.1))
    (fp_line (start -1 -0.6) (end 1 -0.6) (layer F.Fab) (width 0.1))
    (fp_line (start -1 0.6) (end -1 -0.6) (layer F.Fab) (width 0.1))
    (pad 2 smd roundrect (at 0.9375 0) (size 0.975 1.4) (layers F.Cu F.Paste F.Mask) (roundrect_rratio 0.25)
      (net 1 GND))
    (pad 1 smd roundrect (at -0.9375 0) (size 0.975 1.4) (layers F.Cu F.Paste F.Mask) (roundrect_rratio 0.25)
      (net 2 +3.3VA))
    (model ${KISYS3DMOD}/Capacitor_SMD.3dshapes/C_0805_2012Metric.wrl
      (at (xyz 0 0 0))
      (scale (xyz 1 1 1))
      (rotate (xyz 0 0 0))
    )
  )

  (module Capacitor_SMD:C_0805_2012Metric (layer F.Cu) (tedit 5B36C52B) (tstamp 61FE2A8E)
    (at 163.355001 105.845001)
    (descr "Capacitor SMD 0805 (2012 Metric), square (rectangular) end terminal, IPC_7351 nominal, (Body size source: https://docs.google.com/spreadsheets/d/1BsfQQcO9C6DZCsRaXUlFlo91Tg2WpOkGARC1WS5S8t0/edit?usp=sharing), generated with kicad-footprint-generator")
    (tags capacitor)
    (path /617EC825)
    (attr smd)
    (fp_text reference C5 (at 0 -1.65) (layer F.SilkS)
      (effects (font (size 1 1) (thickness 0.15)))
    )
    (fp_text value 100n (at 0 1.65) (layer F.Fab)
      (effects (font (size 1 1) (thickness 0.15)))
    )
    (fp_text user %R (at 0 0) (layer F.Fab)
      (effects (font (size 0.5 0.5) (thickness 0.08)))
    )
    (fp_line (start 1.68 0.95) (end -1.68 0.95) (layer F.CrtYd) (width 0.05))
    (fp_line (start 1.68 -0.95) (end 1.68 0.95) (layer F.CrtYd) (width 0.05))
    (fp_line (start -1.68 -0.95) (end 1.68 -0.95) (layer F.CrtYd) (width 0.05))
    (fp_line (start -1.68 0.95) (end -1.68 -0.95) (layer F.CrtYd) (width 0.05))
    (fp_line (start -0.258578 0.71) (end 0.258578 0.71) (layer F.SilkS) (width 0.12))
    (fp_line (start -0.258578 -0.71) (end 0.258578 -0.71) (layer F.SilkS) (width 0.12))
    (fp_line (start 1 0.6) (end -1 0.6) (layer F.Fab) (width 0.1))
    (fp_line (start 1 -0.6) (end 1 0.6) (layer F.Fab) (width 0.1))
    (fp_line (start -1 -0.6) (end 1 -0.6) (layer F.Fab) (width 0.1))
    (fp_line (start -1 0.6) (end -1 -0.6) (layer F.Fab) (width 0.1))
    (pad 2 smd roundrect (at 0.9375 0) (size 0.975 1.4) (layers F.Cu F.Paste F.Mask) (roundrect_rratio 0.25)
      (net 1 GND))
    (pad 1 smd roundrect (at -0.9375 0) (size 0.975 1.4) (layers F.Cu F.Paste F.Mask) (roundrect_rratio 0.25)
      (net 2 +3.3VA))
    (model ${KISYS3DMOD}/Capacitor_SMD.3dshapes/C_0805_2012Metric.wrl
      (at (xyz 0 0 0))
      (scale (xyz 1 1 1))
      (rotate (xyz 0 0 0))
    )
  )

  (module Capacitor_SMD:C_0805_2012Metric (layer F.Cu) (tedit 5B36C52B) (tstamp 61FE2A9F)
    (at 168.865001 98.835001)
    (descr "Capacitor SMD 0805 (2012 Metric), square (rectangular) end terminal, IPC_7351 nominal, (Body size source: https://docs.google.com/spreadsheets/d/1BsfQQcO9C6DZCsRaXUlFlo91Tg2WpOkGARC1WS5S8t0/edit?usp=sharing), generated with kicad-footprint-generator")
    (tags capacitor)
    (path /617EBBE7)
    (attr smd)
    (fp_text reference C6 (at 0 -1.65) (layer F.SilkS)
      (effects (font (size 1 1) (thickness 0.15)))
    )
    (fp_text value 1u (at 0 1.65) (layer F.Fab)
      (effects (font (size 1 1) (thickness 0.15)))
    )
    (fp_line (start -1 0.6) (end -1 -0.6) (layer F.Fab) (width 0.1))
    (fp_line (start -1 -0.6) (end 1 -0.6) (layer F.Fab) (width 0.1))
    (fp_line (start 1 -0.6) (end 1 0.6) (layer F.Fab) (width 0.1))
    (fp_line (start 1 0.6) (end -1 0.6) (layer F.Fab) (width 0.1))
    (fp_line (start -0.258578 -0.71) (end 0.258578 -0.71) (layer F.SilkS) (width 0.12))
    (fp_line (start -0.258578 0.71) (end 0.258578 0.71) (layer F.SilkS) (width 0.12))
    (fp_line (start -1.68 0.95) (end -1.68 -0.95) (layer F.CrtYd) (width 0.05))
    (fp_line (start -1.68 -0.95) (end 1.68 -0.95) (layer F.CrtYd) (width 0.05))
    (fp_line (start 1.68 -0.95) (end 1.68 0.95) (layer F.CrtYd) (width 0.05))
    (fp_line (start 1.68 0.95) (end -1.68 0.95) (layer F.CrtYd) (width 0.05))
    (fp_text user %R (at 0 0) (layer F.Fab)
      (effects (font (size 0.5 0.5) (thickness 0.08)))
    )
    (pad 1 smd roundrect (at -0.9375 0) (size 0.975 1.4) (layers F.Cu F.Paste F.Mask) (roundrect_rratio 0.25)
      (net 2 +3.3VA))
    (pad 2 smd roundrect (at 0.9375 0) (size 0.975 1.4) (layers F.Cu F.Paste F.Mask) (roundrect_rratio 0.25)
      (net 1 GND))
    (model ${KISYS3DMOD}/Capacitor_SMD.3dshapes/C_0805_2012Metric.wrl
      (at (xyz 0 0 0))
      (scale (xyz 1 1 1))
      (rotate (xyz 0 0 0))
    )
  )

  (module Capacitor_SMD:C_0805_2012Metric (layer F.Cu) (tedit 5B36C52B) (tstamp 61FE2AB0)
    (at 157.855001 110.945001)
    (descr "Capacitor SMD 0805 (2012 Metric), square (rectangular) end terminal, IPC_7351 nominal, (Body size source: https://docs.google.com/spreadsheets/d/1BsfQQcO9C6DZCsRaXUlFlo91Tg2WpOkGARC1WS5S8t0/edit?usp=sharing), generated with kicad-footprint-generator")
    (tags capacitor)
    (path /619DEB56)
    (attr smd)
    (fp_text reference C7 (at 0 -1.65) (layer F.SilkS)
      (effects (font (size 1 1) (thickness 0.15)))
    )
    (fp_text value 0.1u (at 0 1.65) (layer F.Fab)
      (effects (font (size 1 1) (thickness 0.15)))
    )
    (fp_line (start -1 0.6) (end -1 -0.6) (layer F.Fab) (width 0.1))
    (fp_line (start -1 -0.6) (end 1 -0.6) (layer F.Fab) (width 0.1))
    (fp_line (start 1 -0.6) (end 1 0.6) (layer F.Fab) (width 0.1))
    (fp_line (start 1 0.6) (end -1 0.6) (layer F.Fab) (width 0.1))
    (fp_line (start -0.258578 -0.71) (end 0.258578 -0.71) (layer F.SilkS) (width 0.12))
    (fp_line (start -0.258578 0.71) (end 0.258578 0.71) (layer F.SilkS) (width 0.12))
    (fp_line (start -1.68 0.95) (end -1.68 -0.95) (layer F.CrtYd) (width 0.05))
    (fp_line (start -1.68 -0.95) (end 1.68 -0.95) (layer F.CrtYd) (width 0.05))
    (fp_line (start 1.68 -0.95) (end 1.68 0.95) (layer F.CrtYd) (width 0.05))
    (fp_line (start 1.68 0.95) (end -1.68 0.95) (layer F.CrtYd) (width 0.05))
    (fp_text user %R (at 0 0) (layer F.Fab)
      (effects (font (size 0.5 0.5) (thickness 0.08)))
    )
    (pad 1 smd roundrect (at -0.9375 0) (size 0.975 1.4) (layers F.Cu F.Paste F.Mask) (roundrect_rratio 0.25)
      (net 3 +5V))
    (pad 2 smd roundrect (at 0.9375 0) (size 0.975 1.4) (layers F.Cu F.Paste F.Mask) (roundrect_rratio 0.25)
      (net 1 GND))
    (model ${KISYS3DMOD}/Capacitor_SMD.3dshapes/C_0805_2012Metric.wrl
      (at (xyz 0 0 0))
      (scale (xyz 1 1 1))
      (rotate (xyz 0 0 0))
    )
  )

  (module Capacitor_SMD:C_0805_2012Metric (layer F.Cu) (tedit 5B36C52B) (tstamp 61FE2AC1)
    (at 173.655001 92.845001)
    (descr "Capacitor SMD 0805 (2012 Metric), square (rectangular) end terminal, IPC_7351 nominal, (Body size source: https://docs.google.com/spreadsheets/d/1BsfQQcO9C6DZCsRaXUlFlo91Tg2WpOkGARC1WS5S8t0/edit?usp=sharing), generated with kicad-footprint-generator")
    (tags capacitor)
    (path /619E32BB)
    (attr smd)
    (fp_text reference C8 (at 0 -1.65) (layer F.SilkS)
      (effects (font (size 1 1) (thickness 0.15)))
    )
    (fp_text value 100u (at 0 1.65) (layer F.Fab)
      (effects (font (size 1 1) (thickness 0.15)))
    )
    (fp_text user %R (at 0 0) (layer F.Fab)
      (effects (font (size 0.5 0.5) (thickness 0.08)))
    )
    (fp_line (start 1.68 0.95) (end -1.68 0.95) (layer F.CrtYd) (width 0.05))
    (fp_line (start 1.68 -0.95) (end 1.68 0.95) (layer F.CrtYd) (width 0.05))
    (fp_line (start -1.68 -0.95) (end 1.68 -0.95) (layer F.CrtYd) (width 0.05))
    (fp_line (start -1.68 0.95) (end -1.68 -0.95) (layer F.CrtYd) (width 0.05))
    (fp_line (start -0.258578 0.71) (end 0.258578 0.71) (layer F.SilkS) (width 0.12))
    (fp_line (start -0.258578 -0.71) (end 0.258578 -0.71) (layer F.SilkS) (width 0.12))
    (fp_line (start 1 0.6) (end -1 0.6) (layer F.Fab) (width 0.1))
    (fp_line (start 1 -0.6) (end 1 0.6) (layer F.Fab) (width 0.1))
    (fp_line (start -1 -0.6) (end 1 -0.6) (layer F.Fab) (width 0.1))
    (fp_line (start -1 0.6) (end -1 -0.6) (layer F.Fab) (width 0.1))
    (pad 2 smd roundrect (at 0.9375 0) (size 0.975 1.4) (layers F.Cu F.Paste F.Mask) (roundrect_rratio 0.25)
      (net 1 GND))
    (pad 1 smd roundrect (at -0.9375 0) (size 0.975 1.4) (layers F.Cu F.Paste F.Mask) (roundrect_rratio 0.25)
      (net 2 +3.3VA))
    (model ${KISYS3DMOD}/Capacitor_SMD.3dshapes/C_0805_2012Metric.wrl
      (at (xyz 0 0 0))
      (scale (xyz 1 1 1))
      (rotate (xyz 0 0 0))
    )
  )

  (module Capacitor_SMD:C_0805_2012Metric (layer F.Cu) (tedit 5B36C52B) (tstamp 61FE2AD2)
    (at 153.105001 113.895001)
    (descr "Capacitor SMD 0805 (2012 Metric), square (rectangular) end terminal, IPC_7351 nominal, (Body size source: https://docs.google.com/spreadsheets/d/1BsfQQcO9C6DZCsRaXUlFlo91Tg2WpOkGARC1WS5S8t0/edit?usp=sharing), generated with kicad-footprint-generator")
    (tags capacitor)
    (path /619F8BA0)
    (attr smd)
    (fp_text reference C9 (at 0 -1.65) (layer F.SilkS)
      (effects (font (size 1 1) (thickness 0.15)))
    )
    (fp_text value 0.1u (at 0 1.65) (layer F.Fab)
      (effects (font (size 1 1) (thickness 0.15)))
    )
    (fp_line (start -1 0.6) (end -1 -0.6) (layer F.Fab) (width 0.1))
    (fp_line (start -1 -0.6) (end 1 -0.6) (layer F.Fab) (width 0.1))
    (fp_line (start 1 -0.6) (end 1 0.6) (layer F.Fab) (width 0.1))
    (fp_line (start 1 0.6) (end -1 0.6) (layer F.Fab) (width 0.1))
    (fp_line (start -0.258578 -0.71) (end 0.258578 -0.71) (layer F.SilkS) (width 0.12))
    (fp_line (start -0.258578 0.71) (end 0.258578 0.71) (layer F.SilkS) (width 0.12))
    (fp_line (start -1.68 0.95) (end -1.68 -0.95) (layer F.CrtYd) (width 0.05))
    (fp_line (start -1.68 -0.95) (end 1.68 -0.95) (layer F.CrtYd) (width 0.05))
    (fp_line (start 1.68 -0.95) (end 1.68 0.95) (layer F.CrtYd) (width 0.05))
    (fp_line (start 1.68 0.95) (end -1.68 0.95) (layer F.CrtYd) (width 0.05))
    (fp_text user %R (at 0 0) (layer F.Fab)
      (effects (font (size 0.5 0.5) (thickness 0.08)))
    )
    (pad 1 smd roundrect (at -0.9375 0) (size 0.975 1.4) (layers F.Cu F.Paste F.Mask) (roundrect_rratio 0.25)
      (net 4 NRST))
    (pad 2 smd roundrect (at 0.9375 0) (size 0.975 1.4) (layers F.Cu F.Paste F.Mask) (roundrect_rratio 0.25)
      (net 1 GND))
    (model ${KISYS3DMOD}/Capacitor_SMD.3dshapes/C_0805_2012Metric.wrl
      (at (xyz 0 0 0))
      (scale (xyz 1 1 1))
      (rotate (xyz 0 0 0))
    )
  )

  (module Capacitor_SMD:C_0805_2012Metric (layer F.Cu) (tedit 5B36C52B) (tstamp 61FE2AE3)
    (at 168.905001 95.885001)
    (descr "Capacitor SMD 0805 (2012 Metric), square (rectangular) end terminal, IPC_7351 nominal, (Body size source: https://docs.google.com/spreadsheets/d/1BsfQQcO9C6DZCsRaXUlFlo91Tg2WpOkGARC1WS5S8t0/edit?usp=sharing), generated with kicad-footprint-generator")
    (tags capacitor)
    (path /61D42028)
    (attr smd)
    (fp_text reference C10 (at 0 -1.65) (layer F.SilkS)
      (effects (font (size 1 1) (thickness 0.15)))
    )
    (fp_text value 0.1u (at 0 1.65) (layer F.Fab)
      (effects (font (size 1 1) (thickness 0.15)))
    )
    (fp_line (start -1 0.6) (end -1 -0.6) (layer F.Fab) (width 0.1))
    (fp_line (start -1 -0.6) (end 1 -0.6) (layer F.Fab) (width 0.1))
    (fp_line (start 1 -0.6) (end 1 0.6) (layer F.Fab) (width 0.1))
    (fp_line (start 1 0.6) (end -1 0.6) (layer F.Fab) (width 0.1))
    (fp_line (start -0.258578 -0.71) (end 0.258578 -0.71) (layer F.SilkS) (width 0.12))
    (fp_line (start -0.258578 0.71) (end 0.258578 0.71) (layer F.SilkS) (width 0.12))
    (fp_line (start -1.68 0.95) (end -1.68 -0.95) (layer F.CrtYd) (width 0.05))
    (fp_line (start -1.68 -0.95) (end 1.68 -0.95) (layer F.CrtYd) (width 0.05))
    (fp_line (start 1.68 -0.95) (end 1.68 0.95) (layer F.CrtYd) (width 0.05))
    (fp_line (start 1.68 0.95) (end -1.68 0.95) (layer F.CrtYd) (width 0.05))
    (fp_text user %R (at 0 0) (layer F.Fab)
      (effects (font (size 0.5 0.5) (thickness 0.08)))
    )
    (pad 1 smd roundrect (at -0.9375 0) (size 0.975 1.4) (layers F.Cu F.Paste F.Mask) (roundrect_rratio 0.25)
      (net 5 "Net-(C10-Pad1)"))
    (pad 2 smd roundrect (at 0.9375 0) (size 0.975 1.4) (layers F.Cu F.Paste F.Mask) (roundrect_rratio 0.25)
      (net 1 GND))
    (model ${KISYS3DMOD}/Capacitor_SMD.3dshapes/C_0805_2012Metric.wrl
      (at (xyz 0 0 0))
      (scale (xyz 1 1 1))
      (rotate (xyz 0 0 0))
    )
  )

  (module Capacitor_SMD:C_0805_2012Metric (layer F.Cu) (tedit 5B36C52B) (tstamp 61FE2AF4)
    (at 164.455001 98.835001)
    (descr "Capacitor SMD 0805 (2012 Metric), square (rectangular) end terminal, IPC_7351 nominal, (Body size source: https://docs.google.com/spreadsheets/d/1BsfQQcO9C6DZCsRaXUlFlo91Tg2WpOkGARC1WS5S8t0/edit?usp=sharing), generated with kicad-footprint-generator")
    (tags capacitor)
    (path /61D5C410)
    (attr smd)
    (fp_text reference C11 (at 0 -1.65) (layer F.SilkS)
      (effects (font (size 1 1) (thickness 0.15)))
    )
    (fp_text value 0.1u (at 0 1.65) (layer F.Fab)
      (effects (font (size 1 1) (thickness 0.15)))
    )
    (fp_text user %R (at 0 0) (layer F.Fab)
      (effects (font (size 0.5 0.5) (thickness 0.08)))
    )
    (fp_line (start 1.68 0.95) (end -1.68 0.95) (layer F.CrtYd) (width 0.05))
    (fp_line (start 1.68 -0.95) (end 1.68 0.95) (layer F.CrtYd) (width 0.05))
    (fp_line (start -1.68 -0.95) (end 1.68 -0.95) (layer F.CrtYd) (width 0.05))
    (fp_line (start -1.68 0.95) (end -1.68 -0.95) (layer F.CrtYd) (width 0.05))
    (fp_line (start -0.258578 0.71) (end 0.258578 0.71) (layer F.SilkS) (width 0.12))
    (fp_line (start -0.258578 -0.71) (end 0.258578 -0.71) (layer F.SilkS) (width 0.12))
    (fp_line (start 1 0.6) (end -1 0.6) (layer F.Fab) (width 0.1))
    (fp_line (start 1 -0.6) (end 1 0.6) (layer F.Fab) (width 0.1))
    (fp_line (start -1 -0.6) (end 1 -0.6) (layer F.Fab) (width 0.1))
    (fp_line (start -1 0.6) (end -1 -0.6) (layer F.Fab) (width 0.1))
    (pad 2 smd roundrect (at 0.9375 0) (size 0.975 1.4) (layers F.Cu F.Paste F.Mask) (roundrect_rratio 0.25)
      (net 1 GND))
    (pad 1 smd roundrect (at -0.9375 0) (size 0.975 1.4) (layers F.Cu F.Paste F.Mask) (roundrect_rratio 0.25)
      (net 2 +3.3VA))
    (model ${KISYS3DMOD}/Capacitor_SMD.3dshapes/C_0805_2012Metric.wrl
      (at (xyz 0 0 0))
      (scale (xyz 1 1 1))
      (rotate (xyz 0 0 0))
    )
  )

  (module Capacitor_SMD:C_0805_2012Metric (layer F.Cu) (tedit 5B36C52B) (tstamp 61FE2B05)
    (at 163.355001 102.895001)
    (descr "Capacitor SMD 0805 (2012 Metric), square (rectangular) end terminal, IPC_7351 nominal, (Body size source: https://docs.google.com/spreadsheets/d/1BsfQQcO9C6DZCsRaXUlFlo91Tg2WpOkGARC1WS5S8t0/edit?usp=sharing), generated with kicad-footprint-generator")
    (tags capacitor)
    (path /61D5C69F)
    (attr smd)
    (fp_text reference C12 (at 0 -1.65) (layer F.SilkS)
      (effects (font (size 1 1) (thickness 0.15)))
    )
    (fp_text value 2.2u (at 0 1.65) (layer F.Fab)
      (effects (font (size 1 1) (thickness 0.15)))
    )
    (fp_line (start -1 0.6) (end -1 -0.6) (layer F.Fab) (width 0.1))
    (fp_line (start -1 -0.6) (end 1 -0.6) (layer F.Fab) (width 0.1))
    (fp_line (start 1 -0.6) (end 1 0.6) (layer F.Fab) (width 0.1))
    (fp_line (start 1 0.6) (end -1 0.6) (layer F.Fab) (width 0.1))
    (fp_line (start -0.258578 -0.71) (end 0.258578 -0.71) (layer F.SilkS) (width 0.12))
    (fp_line (start -0.258578 0.71) (end 0.258578 0.71) (layer F.SilkS) (width 0.12))
    (fp_line (start -1.68 0.95) (end -1.68 -0.95) (layer F.CrtYd) (width 0.05))
    (fp_line (start -1.68 -0.95) (end 1.68 -0.95) (layer F.CrtYd) (width 0.05))
    (fp_line (start 1.68 -0.95) (end 1.68 0.95) (layer F.CrtYd) (width 0.05))
    (fp_line (start 1.68 0.95) (end -1.68 0.95) (layer F.CrtYd) (width 0.05))
    (fp_text user %R (at 0 0) (layer F.Fab)
      (effects (font (size 0.5 0.5) (thickness 0.08)))
    )
    (pad 1 smd roundrect (at -0.9375 0) (size 0.975 1.4) (layers F.Cu F.Paste F.Mask) (roundrect_rratio 0.25)
      (net 2 +3.3VA))
    (pad 2 smd roundrect (at 0.9375 0) (size 0.975 1.4) (layers F.Cu F.Paste F.Mask) (roundrect_rratio 0.25)
      (net 1 GND))
    (model ${KISYS3DMOD}/Capacitor_SMD.3dshapes/C_0805_2012Metric.wrl
      (at (xyz 0 0 0))
      (scale (xyz 1 1 1))
      (rotate (xyz 0 0 0))
    )
  )

  (module Connector_PinHeader_2.00mm:PinHeader_1x12_P2.00mm_Horizontal (layer F.Cu) (tedit 59FED667) (tstamp 61FE2BB9)
    (at 168.91 130.81 270)
    (descr "Through hole angled pin header, 1x12, 2.00mm pitch, 4.2mm pin length, single row")
    (tags "Through hole angled pin header THT 1x12 2.00mm single row")
    (path /61DA72CF)
    (fp_text reference J1 (at 3.1 -2 90) (layer F.SilkS)
      (effects (font (size 1 1) (thickness 0.15)))
    )
    (fp_text value Conn_01x12_Male (at 3.1 24 90) (layer F.Fab)
      (effects (font (size 1 1) (thickness 0.15)))
    )
    (fp_line (start 1.875 -1) (end 3 -1) (layer F.Fab) (width 0.1))
    (fp_line (start 3 -1) (end 3 23) (layer F.Fab) (width 0.1))
    (fp_line (start 3 23) (end 1.5 23) (layer F.Fab) (width 0.1))
    (fp_line (start 1.5 23) (end 1.5 -0.625) (layer F.Fab) (width 0.1))
    (fp_line (start 1.5 -0.625) (end 1.875 -1) (layer F.Fab) (width 0.1))
    (fp_line (start -0.25 -0.25) (end 1.5 -0.25) (layer F.Fab) (width 0.1))
    (fp_line (start -0.25 -0.25) (end -0.25 0.25) (layer F.Fab) (width 0.1))
    (fp_line (start -0.25 0.25) (end 1.5 0.25) (layer F.Fab) (width 0.1))
    (fp_line (start 3 -0.25) (end 7.2 -0.25) (layer F.Fab) (width 0.1))
    (fp_line (start 7.2 -0.25) (end 7.2 0.25) (layer F.Fab) (width 0.1))
    (fp_line (start 3 0.25) (end 7.2 0.25) (layer F.Fab) (width 0.1))
    (fp_line (start -0.25 1.75) (end 1.5 1.75) (layer F.Fab) (width 0.1))
    (fp_line (start -0.25 1.75) (end -0.25 2.25) (layer F.Fab) (width 0.1))
    (fp_line (start -0.25 2.25) (end 1.5 2.25) (layer F.Fab) (width 0.1))
    (fp_line (start 3 1.75) (end 7.2 1.75) (layer F.Fab) (width 0.1))
    (fp_line (start 7.2 1.75) (end 7.2 2.25) (layer F.Fab) (width 0.1))
    (fp_line (start 3 2.25) (end 7.2 2.25) (layer F.Fab) (width 0.1))
    (fp_line (start -0.25 3.75) (end 1.5 3.75) (layer F.Fab) (width 0.1))
    (fp_line (start -0.25 3.75) (end -0.25 4.25) (layer F.Fab) (width 0.1))
    (fp_line (start -0.25 4.25) (end 1.5 4.25) (layer F.Fab) (width 0.1))
    (fp_line (start 3 3.75) (end 7.2 3.75) (layer F.Fab) (width 0.1))
    (fp_line (start 7.2 3.75) (end 7.2 4.25) (layer F.Fab) (width 0.1))
    (fp_line (start 3 4.25) (end 7.2 4.25) (layer F.Fab) (width 0.1))
    (fp_line (start -0.25 5.75) (end 1.5 5.75) (layer F.Fab) (width 0.1))
    (fp_line (start -0.25 5.75) (end -0.25 6.25) (layer F.Fab) (width 0.1))
    (fp_line (start -0.25 6.25) (end 1.5 6.25) (layer F.Fab) (width 0.1))
    (fp_line (start 3 5.75) (end 7.2 5.75) (layer F.Fab) (width 0.1))
    (fp_line (start 7.2 5.75) (end 7.2 6.25) (layer F.Fab) (width 0.1))
    (fp_line (start 3 6.25) (end 7.2 6.25) (layer F.Fab) (width 0.1))
    (fp_line (start -0.25 7.75) (end 1.5 7.75) (layer F.Fab) (width 0.1))
    (fp_line (start -0.25 7.75) (end -0.25 8.25) (layer F.Fab) (width 0.1))
    (fp_line (start -0.25 8.25) (end 1.5 8.25) (layer F.Fab) (width 0.1))
    (fp_line (start 3 7.75) (end 7.2 7.75) (layer F.Fab) (width 0.1))
    (fp_line (start 7.2 7.75) (end 7.2 8.25) (layer F.Fab) (width 0.1))
    (fp_line (start 3 8.25) (end 7.2 8.25) (layer F.Fab) (width 0.1))
    (fp_line (start -0.25 9.75) (end 1.5 9.75) (layer F.Fab) (width 0.1))
    (fp_line (start -0.25 9.75) (end -0.25 10.25) (layer F.Fab) (width 0.1))
    (fp_line (start -0.25 10.25) (end 1.5 10.25) (layer F.Fab) (width 0.1))
    (fp_line (start 3 9.75) (end 7.2 9.75) (layer F.Fab) (width 0.1))
    (fp_line (start 7.2 9.75) (end 7.2 10.25) (layer F.Fab) (width 0.1))
    (fp_line (start 3 10.25) (end 7.2 10.25) (layer F.Fab) (width 0.1))
    (fp_line (start -0.25 11.75) (end 1.5 11.75) (layer F.Fab) (width 0.1))
    (fp_line (start -0.25 11.75) (end -0.25 12.25) (layer F.Fab) (width 0.1))
    (fp_line (start -0.25 12.25) (end 1.5 12.25) (layer F.Fab) (width 0.1))
    (fp_line (start 3 11.75) (end 7.2 11.75) (layer F.Fab) (width 0.1))
    (fp_line (start 7.2 11.75) (end 7.2 12.25) (layer F.Fab) (width 0.1))
    (fp_line (start 3 12.25) (end 7.2 12.25) (layer F.Fab) (width 0.1))
    (fp_line (start -0.25 13.75) (end 1.5 13.75) (layer F.Fab) (width 0.1))
    (fp_line (start -0.25 13.75) (end -0.25 14.25) (layer F.Fab) (width 0.1))
    (fp_line (start -0.25 14.25) (end 1.5 14.25) (layer F.Fab) (width 0.1))
    (fp_line (start 3 13.75) (end 7.2 13.75) (layer F.Fab) (width 0.1))
    (fp_line (start 7.2 13.75) (end 7.2 14.25) (layer F.Fab) (width 0.1))
    (fp_line (start 3 14.25) (end 7.2 14.25) (layer F.Fab) (width 0.1))
    (fp_line (start -0.25 15.75) (end 1.5 15.75) (layer F.Fab) (width 0.1))
    (fp_line (start -0.25 15.75) (end -0.25 16.25) (layer F.Fab) (width 0.1))
    (fp_line (start -0.25 16.25) (end 1.5 16.25) (layer F.Fab) (width 0.1))
    (fp_line (start 3 15.75) (end 7.2 15.75) (layer F.Fab) (width 0.1))
    (fp_line (start 7.2 15.75) (end 7.2 16.25) (layer F.Fab) (width 0.1))
    (fp_line (start 3 16.25) (end 7.2 16.25) (layer F.Fab) (width 0.1))
    (fp_line (start -0.25 17.75) (end 1.5 17.75) (layer F.Fab) (width 0.1))
    (fp_line (start -0.25 17.75) (end -0.25 18.25) (layer F.Fab) (width 0.1))
    (fp_line (start -0.25 18.25) (end 1.5 18.25) (layer F.Fab) (width 0.1))
    (fp_line (start 3 17.75) (end 7.2 17.75) (layer F.Fab) (width 0.1))
    (fp_line (start 7.2 17.75) (end 7.2 18.25) (layer F.Fab) (width 0.1))
    (fp_line (start 3 18.25) (end 7.2 18.25) (layer F.Fab) (width 0.1))
    (fp_line (start -0.25 19.75) (end 1.5 19.75) (layer F.Fab) (width 0.1))
    (fp_line (start -0.25 19.75) (end -0.25 20.25) (layer F.Fab) (width 0.1))
    (fp_line (start -0.25 20.25) (end 1.5 20.25) (layer F.Fab) (width 0.1))
    (fp_line (start 3 19.75) (end 7.2 19.75) (layer F.Fab) (width 0.1))
    (fp_line (start 7.2 19.75) (end 7.2 20.25) (layer F.Fab) (width 0.1))
    (fp_line (start 3 20.25) (end 7.2 20.25) (layer F.Fab) (width 0.1))
    (fp_line (start -0.25 21.75) (end 1.5 21.75) (layer F.Fab) (width 0.1))
    (fp_line (start -0.25 21.75) (end -0.25 22.25) (layer F.Fab) (width 0.1))
    (fp_line (start -0.25 22.25) (end 1.5 22.25) (layer F.Fab) (width 0.1))
    (fp_line (start 3 21.75) (end 7.2 21.75) (layer F.Fab) (width 0.1))
    (fp_line (start 7.2 21.75) (end 7.2 22.25) (layer F.Fab) (width 0.1))
    (fp_line (start 3 22.25) (end 7.2 22.25) (layer F.Fab) (width 0.1))
    (fp_line (start 1.44 -1.06) (end 1.44 23.06) (layer F.SilkS) (width 0.12))
    (fp_line (start 1.44 23.06) (end 3.06 23.06) (layer F.SilkS) (width 0.12))
    (fp_line (start 3.06 23.06) (end 3.06 -1.06) (layer F.SilkS) (width 0.12))
    (fp_line (start 3.06 -1.06) (end 1.44 -1.06) (layer F.SilkS) (width 0.12))
    (fp_line (start 3.06 -0.31) (end 7.26 -0.31) (layer F.SilkS) (width 0.12))
    (fp_line (start 7.26 -0.31) (end 7.26 0.31) (layer F.SilkS) (width 0.12))
    (fp_line (start 7.26 0.31) (end 3.06 0.31) (layer F.SilkS) (width 0.12))
    (fp_line (start 3.06 -0.25) (end 7.26 -0.25) (layer F.SilkS) (width 0.12))
    (fp_line (start 3.06 -0.13) (end 7.26 -0.13) (layer F.SilkS) (width 0.12))
    (fp_line (start 3.06 -0.01) (end 7.26 -0.01) (layer F.SilkS) (width 0.12))
    (fp_line (start 3.06 0.11) (end 7.26 0.11) (layer F.SilkS) (width 0.12))
    (fp_line (start 3.06 0.23) (end 7.26 0.23) (layer F.SilkS) (width 0.12))
    (fp_line (start 0.935 -0.31) (end 1.44 -0.31) (layer F.SilkS) (width 0.12))
    (fp_line (start 0.935 0.31) (end 1.44 0.31) (layer F.SilkS) (width 0.12))
    (fp_line (start 1.44 1) (end 3.06 1) (layer F.SilkS) (width 0.12))
    (fp_line (start 3.06 1.69) (end 7.26 1.69) (layer F.SilkS) (width 0.12))
    (fp_line (start 7.26 1.69) (end 7.26 2.31) (layer F.SilkS) (width 0.12))
    (fp_line (start 7.26 2.31) (end 3.06 2.31) (layer F.SilkS) (width 0.12))
    (fp_line (start 0.882114 1.69) (end 1.44 1.69) (layer F.SilkS) (width 0.12))
    (fp_line (start 0.882114 2.31) (end 1.44 2.31) (layer F.SilkS) (width 0.12))
    (fp_line (start 1.44 3) (end 3.06 3) (layer F.SilkS) (width 0.12))
    (fp_line (start 3.06 3.69) (end 7.26 3.69) (layer F.SilkS) (width 0.12))
    (fp_line (start 7.26 3.69) (end 7.26 4.31) (layer F.SilkS) (width 0.12))
    (fp_line (start 7.26 4.31) (end 3.06 4.31) (layer F.SilkS) (width 0.12))
    (fp_line (start 0.882114 3.69) (end 1.44 3.69) (layer F.SilkS) (width 0.12))
    (fp_line (start 0.882114 4.31) (end 1.44 4.31) (layer F.SilkS) (width 0.12))
    (fp_line (start 1.44 5) (end 3.06 5) (layer F.SilkS) (width 0.12))
    (fp_line (start 3.06 5.69) (end 7.26 5.69) (layer F.SilkS) (width 0.12))
    (fp_line (start 7.26 5.69) (end 7.26 6.31) (layer F.SilkS) (width 0.12))
    (fp_line (start 7.26 6.31) (end 3.06 6.31) (layer F.SilkS) (width 0.12))
    (fp_line (start 0.882114 5.69) (end 1.44 5.69) (layer F.SilkS) (width 0.12))
    (fp_line (start 0.882114 6.31) (end 1.44 6.31) (layer F.SilkS) (width 0.12))
    (fp_line (start 1.44 7) (end 3.06 7) (layer F.SilkS) (width 0.12))
    (fp_line (start 3.06 7.69) (end 7.26 7.69) (layer F.SilkS) (width 0.12))
    (fp_line (start 7.26 7.69) (end 7.26 8.31) (layer F.SilkS) (width 0.12))
    (fp_line (start 7.26 8.31) (end 3.06 8.31) (layer F.SilkS) (width 0.12))
    (fp_line (start 0.882114 7.69) (end 1.44 7.69) (layer F.SilkS) (width 0.12))
    (fp_line (start 0.882114 8.31) (end 1.44 8.31) (layer F.SilkS) (width 0.12))
    (fp_line (start 1.44 9) (end 3.06 9) (layer F.SilkS) (width 0.12))
    (fp_line (start 3.06 9.69) (end 7.26 9.69) (layer F.SilkS) (width 0.12))
    (fp_line (start 7.26 9.69) (end 7.26 10.31) (layer F.SilkS) (width 0.12))
    (fp_line (start 7.26 10.31) (end 3.06 10.31) (layer F.SilkS) (width 0.12))
    (fp_line (start 0.882114 9.69) (end 1.44 9.69) (layer F.SilkS) (width 0.12))
    (fp_line (start 0.882114 10.31) (end 1.44 10.31) (layer F.SilkS) (width 0.12))
    (fp_line (start 1.44 11) (end 3.06 11) (layer F.SilkS) (width 0.12))
    (fp_line (start 3.06 11.69) (end 7.26 11.69) (layer F.SilkS) (width 0.12))
    (fp_line (start 7.26 11.69) (end 7.26 12.31) (layer F.SilkS) (width 0.12))
    (fp_line (start 7.26 12.31) (end 3.06 12.31) (layer F.SilkS) (width 0.12))
    (fp_line (start 0.882114 11.69) (end 1.44 11.69) (layer F.SilkS) (width 0.12))
    (fp_line (start 0.882114 12.31) (end 1.44 12.31) (layer F.SilkS) (width 0.12))
    (fp_line (start 1.44 13) (end 3.06 13) (layer F.SilkS) (width 0.12))
    (fp_line (start 3.06 13.69) (end 7.26 13.69) (layer F.SilkS) (width 0.12))
    (fp_line (start 7.26 13.69) (end 7.26 14.31) (layer F.SilkS) (width 0.12))
    (fp_line (start 7.26 14.31) (end 3.06 14.31) (layer F.SilkS) (width 0.12))
    (fp_line (start 0.882114 13.69) (end 1.44 13.69) (layer F.SilkS) (width 0.12))
    (fp_line (start 0.882114 14.31) (end 1.44 14.31) (layer F.SilkS) (width 0.12))
    (fp_line (start 1.44 15) (end 3.06 15) (layer F.SilkS) (width 0.12))
    (fp_line (start 3.06 15.69) (end 7.26 15.69) (layer F.SilkS) (width 0.12))
    (fp_line (start 7.26 15.69) (end 7.26 16.31) (layer F.SilkS) (width 0.12))
    (fp_line (start 7.26 16.31) (end 3.06 16.31) (layer F.SilkS) (width 0.12))
    (fp_line (start 0.882114 15.69) (end 1.44 15.69) (layer F.SilkS) (width 0.12))
    (fp_line (start 0.882114 16.31) (end 1.44 16.31) (layer F.SilkS) (width 0.12))
    (fp_line (start 1.44 17) (end 3.06 17) (layer F.SilkS) (width 0.12))
    (fp_line (start 3.06 17.69) (end 7.26 17.69) (layer F.SilkS) (width 0.12))
    (fp_line (start 7.26 17.69) (end 7.26 18.31) (layer F.SilkS) (width 0.12))
    (fp_line (start 7.26 18.31) (end 3.06 18.31) (layer F.SilkS) (width 0.12))
    (fp_line (start 0.882114 17.69) (end 1.44 17.69) (layer F.SilkS) (width 0.12))
    (fp_line (start 0.882114 18.31) (end 1.44 18.31) (layer F.SilkS) (width 0.12))
    (fp_line (start 1.44 19) (end 3.06 19) (layer F.SilkS) (width 0.12))
